t [s]   plane  points  p50   p95   p99.5  max   r(>0.2) r(>0.5) z(>0.2) z(>0.5)
 0.021  side     6237  0.05  3.01   4.82  5.21    0.41    0.32    0.40    0.34
 0.021  top      7244  0.04  2.29   6.05  6.92    0.41    0.34     nan     nan
 0.042  side     6161  0.08  1.75   3.46  3.75    0.40    0.29    0.39    0.32
 0.042  top      7244  0.05  2.58   6.70  7.61    0.42    0.33     nan     nan
 0.062  side     5416  0.09  1.75   3.13  3.73    0.39    0.24    0.38    0.28
 0.062  top      7244  0.05  2.82   7.07  7.94    0.41    0.33     nan     nan
 0.500  side     5892  0.17  2.85   4.85  5.40    0.62    0.57    0.42    0.34
 0.500  top      7244  0.18  2.98   6.34  7.85    0.74    0.68     nan     nan
 1.000  side     6012  0.25  2.50   3.98  4.67    0.75    0.70    0.49    0.33
 1.000  top      7244  0.29  2.96   6.48  8.16    0.87    0.80     nan     nan
 1.500  side     6136  0.27  2.68   3.82  4.07    0.85    0.75    0.52    0.33
 1.500  top      7244  0.34  3.06   6.41  7.60    0.92    0.72     nan     nan
 2.000  side     5903  0.29  2.58   3.58  4.53    0.95    0.85    0.52    0.34
 2.000  top      7244  0.32  2.98   6.34  7.96    1.01    0.90     nan     nan
 2.500  side     5331  0.27  2.74   3.72  4.72    1.05    0.95    0.52    0.35
 2.500  top      7244  0.28  3.02   6.38  7.98    1.11    0.96     nan     nan
 3.000  side     5928  0.30  2.80   4.16  5.02    1.15    1.05    0.54    0.38
 3.000  top      7244  0.28  3.04   6.38  7.33    1.16    1.06     nan     nan
 3.500  side     6223  0.31  3.23   4.71  5.41    1.20    1.05    0.54    0.38
 3.500  top      7244  0.28  3.01   6.32  7.80    1.22    1.15     nan     nan
 4.000  side     6207  0.31  3.52   5.53  6.25    1.20    1.10    0.54    0.38
 4.000  top      7244  0.25  2.98   6.35  7.81    1.30    1.16     nan     nan
 4.500  side     5787  0.30  3.07   5.86  7.08    1.30    1.15    0.52    0.36
 4.500  top      7244  0.25  3.01   6.27  8.08    1.31    1.23     nan     nan
 5.000  side     5146  0.25  2.72   5.50  6.35    1.30    1.20    0.54    0.34
 5.000  top      7244  0.26  3.04   6.34  7.57    1.40    1.22     nan     nan
 5.500  side     5973  0.26  2.85   4.72  5.34    1.40    1.20    0.54    0.32
 5.500  top      7244  0.24  3.02   6.35  7.97    1.41    1.25     nan     nan
 6.000  side     6042  0.26  2.34   3.93  4.58    1.40    1.20    0.54    0.31
 6.000  top      7244  0.23  3.08   6.43  7.93    1.44    1.25     nan     nan
 6.500  side     6144  0.26  2.69   3.93  4.39    1.40    1.20    0.54    0.31
 6.500  top      7244  0.24  3.02   6.40  7.77    1.50    1.25     nan     nan
 7.000  side     5832  0.27  2.85   3.86  4.37    1.40    1.20    0.54    0.34
 7.000  top      7244  0.25  3.05   6.37  7.52    1.53    1.34     nan     nan
 7.500  side     5316  0.26  2.76   3.77  4.80    1.40    1.20    0.54    0.37
 7.500  top      7244  0.22  3.03   6.34  7.83    1.56    0.34     nan     nan
 8.000  side     5990  0.29  2.84   4.02  4.83    1.40    1.05    0.54    0.38
 8.000  top      7244  0.24  3.00   6.33  7.86    1.61    0.36     nan     nan
 8.500  side     6221  0.32  3.21   4.62  5.24    1.40    1.20    0.54    0.38
 8.500  top      7244  0.24  2.98   6.38  7.85    1.61    0.33     nan     nan
 9.000  side     6257  0.29  3.46   5.49  6.32    1.40    1.00    0.54    0.38
 9.000  top      7244  0.24  3.08   6.35  7.70    1.61    0.34     nan     nan
 9.500  side     5751  0.27  2.97   5.94  6.87    1.40    1.15    0.52    0.36
 9.500  top      7244  0.23  3.09   6.43  7.39    1.71    0.35     nan     nan
10.000  side     5258  0.24  2.68   5.30  6.32    1.40    1.20    0.54    0.35
10.000  top      7244  0.22  2.98   6.31  7.63    1.71    0.71     nan     nan

kinetic energy in the box [J] (the monitor integrates 0.5 rho |U|^2, rho 1.204), every 1 s:
  t =  1.00 s  0.2472
  t =  2.00 s  0.2953
  t =  3.00 s  0.3412
  t =  4.00 s  0.3685
  t =  5.00 s  0.3965
  t =  6.00 s  0.4128
  t =  7.00 s  0.4265
  t =  8.00 s  0.4351
  t =  9.00 s  0.4377
  t = 10.00 s  0.4517

moment about z on the cat, mean over each second (first three columns: total):
  0-1 s  Mz =  -0.0468 N m
  1-2 s  Mz =  -0.0478 N m
  2-3 s  Mz =  -0.0470 N m
  3-4 s  Mz =  -0.0510 N m
  4-5 s  Mz =  -0.0498 N m
  5-6 s  Mz =  -0.0443 N m
  6-7 s  Mz =  -0.0475 N m
  7-8 s  Mz =  -0.0521 N m
  8-9 s  Mz =  -0.0449 N m
  9-10 s  Mz =  -0.0458 N m
