AMI surface: r 0.000-0.380 m, z -0.100-0.450 m

mean over 0.020833333-1 s (48 writes)
  r [m]   u_theta  u_r    (cat's own speed omega*r)
  0.013     nan    nan    0.31
  0.038     nan    nan    0.92
  0.062     nan    nan    1.53
  0.088    1.46   0.79    2.14
  0.113    2.10   0.40    2.76
  0.138    1.70  -0.01    3.37
  0.163    1.08   0.03    3.98
  0.188    1.47   0.06    4.59
  0.213    1.59   0.15    5.21
  0.237    1.78   0.46    5.82
  0.263    1.56   0.43    6.43
  0.288    0.77   0.19    7.04
  0.312    0.40   0.07    7.66
  0.338    0.23  -0.01    8.27
  0.363    0.15  -0.05    8.88
  0.388    0.10  -0.07    9.49
  0.413    0.04  -0.08   10.11
  0.438    0.01  -0.10   10.72
  0.463   -0.00  -0.11   11.33
  0.488   -0.00  -0.12   11.94
  0.512   -0.00  -0.12   12.56
  0.538   -0.00  -0.12   13.17
  0.562   -0.00  -0.10   13.78
  0.588    0.00  -0.08   14.39
  0.650    0.01  -0.03   15.92
  0.750    0.00   0.01   18.38
  0.850   -0.00   0.01   20.82
  0.950    0.00   0.01   23.27
  1.050   -0.00   0.01   25.72
  1.150   -0.00   0.01   28.17
  1.250   -0.00   0.00   30.62
  1.350   -0.00   0.00   33.07
  1.450    0.00   0.00   35.52
  1.550    0.00   0.00   37.97
  1.650   -0.00   0.00   40.42
  1.750   -0.00   0.00   42.87
  1.850   -0.00   0.00   45.32
  1.950    0.00   0.00   47.77

mean over 4.0208333-5 s (48 writes)
  r [m]   u_theta  u_r    (cat's own speed omega*r)
  0.013     nan    nan    0.31
  0.038     nan    nan    0.92
  0.062     nan    nan    1.53
  0.088    1.41   0.79    2.14
  0.113    2.07   0.42    2.76
  0.138    1.69   0.03    3.37
  0.163    1.08   0.06    3.98
  0.188    1.38   0.05    4.59
  0.213    1.60   0.16    5.21
  0.237    1.90   0.52    5.82
  0.263    1.79   0.47    6.43
  0.288    0.95   0.10    7.04
  0.312    0.45  -0.07    7.66
  0.338    0.16  -0.14    8.27
  0.363    0.03  -0.13    8.88
  0.388   -0.00  -0.12    9.49
  0.413   -0.01  -0.10   10.11
  0.438   -0.01  -0.08   10.72
  0.463   -0.01  -0.07   11.33
  0.488   -0.00  -0.06   11.94
  0.512   -0.00  -0.05   12.56
  0.538   -0.00  -0.04   13.17
  0.562    0.00  -0.04   13.78
  0.588    0.01  -0.03   14.39
  0.650    0.03   0.00   15.92
  0.750    0.06   0.06   18.38
  0.850    0.11   0.14   20.82
  0.950    0.10   0.17   23.27
  1.050    0.09   0.17   25.72
  1.150    0.06   0.14   28.17
  1.250    0.03   0.09   30.62
  1.350    0.01   0.05   33.07
  1.450    0.00   0.03   35.52
  1.550   -0.00   0.02   37.97
  1.650    0.00   0.02   40.42
  1.750   -0.00   0.02   42.87
  1.850    0.00   0.01   45.32
  1.950   -0.00   0.01   47.77

mean over 9.0208333-10 s (48 writes)
  r [m]   u_theta  u_r    (cat's own speed omega*r)
  0.013     nan    nan    0.31
  0.038     nan    nan    0.92
  0.062     nan    nan    1.53
  0.088    1.41   0.80    2.14
  0.113    2.08   0.41    2.76
  0.138    1.69   0.02    3.37
  0.163    1.08   0.06    3.98
  0.188    1.40   0.05    4.59
  0.213    1.60   0.18    5.21
  0.237    1.88   0.51    5.82
  0.263    1.75   0.45    6.43
  0.288    0.88   0.07    7.04
  0.312    0.35  -0.09    7.66
  0.338    0.08  -0.15    8.27
  0.363    0.01  -0.14    8.88
  0.388    0.00  -0.13    9.49
  0.413    0.00  -0.11   10.11
  0.438    0.00  -0.10   10.72
  0.463    0.01  -0.09   11.33
  0.488    0.01  -0.09   11.94
  0.512    0.01  -0.09   12.56
  0.538    0.02  -0.09   13.17
  0.562    0.02  -0.09   13.78
  0.588    0.03  -0.09   14.39
  0.650    0.04  -0.09   15.92
  0.750    0.06  -0.06   18.38
  0.850    0.05  -0.01   20.82
  0.950    0.05   0.04   23.27
  1.050    0.05   0.10   25.72
  1.150    0.05   0.16   28.17
  1.250    0.06   0.20   30.62
  1.350    0.05   0.21   33.07
  1.450    0.05   0.20   35.52
  1.550    0.03   0.17   37.97
  1.650    0.03   0.11   40.42
  1.750    0.02   0.08   42.87
  1.850    0.01   0.05   45.32
  1.950   -0.00   0.04   47.77
