side plane, mean over 9.0208333-10 s; rotor zone r < 0.38, z < 0.45

swirl u_theta [m/s]; rows z bins, columns r bins
z\r       0.05  0.15  0.25  0.32  0.35  0.39  0.42  0.46  0.55  0.70  0.90  1.15  1.45  1.80
1.00-1.60 -0.00  0.00  0.00   nan   nan  0.00   nan  0.00  0.00  0.00 -0.00  0.00  0.00  0.00
0.80-1.00 -0.00  0.00 -0.00 -0.00 -0.00  0.00 -0.00 -0.00 -0.00  0.00 -0.00 -0.00 -0.00  0.00
0.60-0.80 -0.00 -0.00 -0.00 -0.00 -0.00 -0.00 -0.00 -0.00 -0.00 -0.00  0.00  0.00  0.00  0.00
0.50-0.60 -0.00 -0.00 -0.00 -0.00 -0.00 -0.00 -0.00 -0.00  0.00  0.01  0.00  0.01  0.02  0.00
0.45-0.50 -0.00 -0.00 -0.00 -0.00 -0.00 -0.00 -0.00 -0.00  0.00  0.01  0.01  0.01  0.04   nan
0.40-0.45  0.00 -0.00 -0.00 -0.00 -0.00 -0.00 -0.00  0.00  0.01  0.02  0.01  0.01   nan   nan
0.30-0.40  0.01 -0.02 -0.01 -0.00  0.00  0.00 -0.00  0.00  0.02  0.03  0.01  0.01  0.03  0.01
0.20-0.30  0.22  0.60  0.56  0.04  0.01 -0.00  0.00  0.01  0.03  0.03  0.01  0.02  0.06   nan
0.10-0.20  2.18  1.88  0.98  0.38  0.20  0.13  0.08  0.04  0.03  0.05  0.08  0.07  0.05  0.02
0.05-0.10  2.38  2.47  0.82  0.38  0.35  0.37  0.41  0.27  0.14  0.14  0.11  0.09  0.06   nan
0.00-0.05  0.93  2.01  0.89  0.55  0.50  0.46  0.45  0.35  0.22  0.16  0.10  0.07   nan   nan

radial u_r [m/s]; rows z bins, columns r bins
z\r       0.05  0.15  0.25  0.32  0.35  0.39  0.42  0.46  0.55  0.70  0.90  1.15  1.45  1.80
1.00-1.60 -0.00 -0.00 -0.01   nan   nan -0.01   nan -0.01 -0.01 -0.02 -0.02 -0.02 -0.01 -0.00
0.80-1.00 -0.00 -0.01 -0.02 -0.02 -0.02 -0.02 -0.02 -0.02 -0.03 -0.03 -0.03 -0.03 -0.03 -0.01
0.60-0.80 -0.01 -0.02 -0.03 -0.04 -0.04 -0.04 -0.04 -0.04 -0.04 -0.04 -0.03 -0.05 -0.06 -0.01
0.50-0.60 -0.01 -0.03 -0.05 -0.05 -0.05 -0.05 -0.06 -0.05 -0.05 -0.04 -0.03 -0.07 -0.09 -0.01
0.45-0.50 -0.02 -0.05 -0.07 -0.07 -0.07 -0.07 -0.07 -0.06 -0.06 -0.05 -0.03 -0.08 -0.12   nan
0.40-0.45 -0.02 -0.05 -0.08 -0.09 -0.09 -0.09 -0.08 -0.07 -0.06 -0.05 -0.03 -0.06   nan   nan
0.30-0.40 -0.01 -0.07 -0.14 -0.13 -0.12 -0.11 -0.10 -0.08 -0.07 -0.06 -0.03 -0.03 -0.05  0.00
0.20-0.30  0.07 -0.03 -0.11 -0.18 -0.15 -0.13 -0.11 -0.09 -0.08 -0.07 -0.04  0.03  0.01   nan
0.10-0.20  0.15  0.32  0.10 -0.00 -0.03 -0.07 -0.08 -0.06 -0.05 -0.01  0.06  0.17  0.14  0.05
0.05-0.10  0.03  0.53  0.43  0.24  0.27  0.23  0.32  0.17  0.23  0.37  0.39  0.35  0.34   nan
0.00-0.05  0.01 -0.32  0.65  1.22  1.29  1.24  1.14  0.99  0.90  0.81  0.55  0.39   nan   nan

vertical u_z [m/s]; rows z bins, columns r bins
z\r       0.05  0.15  0.25  0.32  0.35  0.39  0.42  0.46  0.55  0.70  0.90  1.15  1.45  1.80
1.00-1.60 -0.08 -0.07 -0.07   nan   nan -0.07   nan -0.06 -0.06 -0.05 -0.04 -0.02 -0.01 -0.00
0.80-1.00 -0.10 -0.09 -0.09 -0.09 -0.09 -0.08 -0.08 -0.08 -0.07 -0.06 -0.06 -0.05 -0.01 -0.00
0.60-0.80 -0.14 -0.14 -0.12 -0.12 -0.11 -0.11 -0.11 -0.10 -0.10 -0.09 -0.09 -0.08 -0.01  0.00
0.50-0.60 -0.18 -0.17 -0.16 -0.15 -0.14 -0.13 -0.13 -0.12 -0.11 -0.11 -0.11 -0.11 -0.00  0.02
0.45-0.50 -0.23 -0.21 -0.19 -0.16 -0.15 -0.14 -0.14 -0.13 -0.12 -0.11 -0.12 -0.12 -0.03   nan
0.40-0.45 -0.25 -0.24 -0.21 -0.18 -0.16 -0.15 -0.14 -0.13 -0.12 -0.12 -0.13 -0.15   nan   nan
0.30-0.40 -0.30 -0.33 -0.26 -0.20 -0.17 -0.15 -0.14 -0.13 -0.12 -0.12 -0.13 -0.16  0.04  0.05
0.20-0.30 -0.25 -0.58 -0.33 -0.17 -0.14 -0.12 -0.12 -0.12 -0.12 -0.12 -0.12 -0.15 -0.01   nan
0.10-0.20 -0.16 -0.91 -0.45 -0.32 -0.15 -0.10 -0.07 -0.09 -0.12 -0.12 -0.05 -0.09  0.04  0.06
0.05-0.10  0.07  0.05 -0.72 -0.29 -0.30 -0.27 -0.11 -0.05 -0.12 -0.05  0.02 -0.03 -0.01   nan
0.00-0.05  0.06  0.24 -0.51 -0.14 -0.08 -0.12 -0.04  0.00 -0.04  0.01  0.02 -0.02   nan   nan
