FoamFile
{
 version 2.0; format ascii; class dictionary; location "system"; object blockMeshDict;
}
mergeType points;
convertToMeters 1;
vertices
(
 (0 0 0)
 (0.759276648402 -0.0331507343977 0)
 (0.759276648402 0.0331507343977 0)
 (3.19695430906 -0.139582039569 0)
 (3.19695430906 0.139582039569 0)
 (3.43800673999 -0.150106615994 0)
 (3.43800673999 0.150106615994 0)
 (0 0 0.24)
 (0.759276648402 -0.0331507343977 0.24)
 (0.759276648402 0.0331507343977 0.24)
 (3.19695430906 -0.139582039569 0.24)
 (3.19695430906 0.139582039569 0.24)
 (3.43800673999 -0.150106615994 0.24)
 (3.43800673999 0.150106615994 0.24)
 (0 0 2.54)
 (0.759276648402 -0.0331507343977 2.54)
 (0.759276648402 0.0331507343977 2.54)
 (3.19695430906 -0.139582039569 2.54)
 (3.19695430906 0.139582039569 2.54)
 (3.43800673999 -0.150106615994 2.54)
 (3.43800673999 0.150106615994 2.54)
 (0 0 2.8)
 (0.759276648402 -0.0331507343977 2.8)
 (0.759276648402 0.0331507343977 2.8)
 (3.19695430906 -0.139582039569 2.8)
 (3.19695430906 0.139582039569 2.8)
 (3.43800673999 -0.150106615994 2.8)
 (3.43800673999 0.150106615994 2.8)
 (0 0 3.05)
 (0.759276648402 -0.0331507343977 3.05)
 (0.759276648402 0.0331507343977 3.05)
 (3.19695430906 -0.139582039569 3.05)
 (3.19695430906 0.139582039569 3.05)
 (3.43800673999 -0.150106615994 3.05)
 (3.43800673999 0.150106615994 3.05)
);
blocks
(
 hex (0 1 2 0 7 8 9 7) (38 1 12) simpleGrading (1 1 1)
 hex (1 3 4 2 8 10 11 9) (61 1 12) simpleGrading (1 1 1)
 hex (3 5 6 4 10 12 13 11) (12 1 12) simpleGrading (1 1 1)
 hex (7 8 9 7 14 15 16 14) (38 1 58) simpleGrading (1 1 1)
 hex (8 10 11 9 15 17 18 16) (61 1 58) simpleGrading (1 1 1)
 hex (10 12 13 11 17 19 20 18) (12 1 58) simpleGrading (1 1 1)
 hex (14 15 16 14 21 22 23 21) (38 1 13) simpleGrading (1 1 1)
 hex (15 17 18 16 22 24 25 23) (61 1 13) simpleGrading (1 1 1)
 hex (17 19 20 18 24 26 27 25) (12 1 13) simpleGrading (1 1 1)
 hex (21 22 23 21 28 29 30 28) (38 1 13) simpleGrading (1 1 1)
 hex (22 24 25 23 29 31 32 30) (61 1 13) simpleGrading (1 1 1)
 hex (24 26 27 25 31 33 34 32) (12 1 13) simpleGrading (1 1 1)
);
edges ();
boundary
(
 wedgeMinus
 {
  type wedge;
  faces
  (
   (0 1 8 7)
   (1 3 10 8)
   (3 5 12 10)
   (7 8 15 14)
   (8 10 17 15)
   (10 12 19 17)
   (14 15 22 21)
   (15 17 24 22)
   (17 19 26 24)
   (21 22 29 28)
   (22 24 31 29)
   (24 26 33 31)
  );
 }
 wedgePlus
 {
  type wedge;
  faces
  (
   (0 7 9 2)
   (2 9 11 4)
   (4 11 13 6)
   (7 14 16 9)
   (9 16 18 11)
   (11 18 20 13)
   (14 21 23 16)
   (16 23 25 18)
   (18 25 27 20)
   (21 28 30 23)
   (23 30 32 25)
   (25 32 34 27)
  );
 }
 floor
 {
  type wall;
  faces
  (
   (0 0 2 1)
   (1 2 4 3)
   (3 4 6 5)
  );
 }
 ceiling
 {
  type wall;
  faces
  (
   (28 29 30 28)
   (29 31 32 30)
   (31 33 34 32)
  );
 }
 outerWall
 {
  type wall;
  faces
  (
   (5 6 13 12)
   (12 13 20 19)
   (19 20 27 26)
   (26 27 34 33)
  );
 }
 axis
 {
  type empty;
  faces
  (
   (0 7 7 0)
   (7 14 14 7)
   (14 21 21 14)
   (21 28 28 21)
  );
 }
);
