208606 steps to t = 180.000 s; heater 2600 W
    interval s  stored W  heater W  walls W      (floor ceil wall)  imbalance W % of heater
   0.0-   7.5   2551.72    2600.0    48.28 (  8.47   0.00  39.81)      -0.0001     -0.0000
   7.5-  15.0   2493.70    2600.0   106.30 ( 12.04   0.00  94.25)       0.0003      0.0000
  15.0-  22.5   2394.42    2600.0   205.58 ( 20.93  -0.00 184.65)       0.0005      0.0000
  22.5-  30.0   2265.77    2600.0   334.25 ( 31.00  -0.00 303.25)       0.0183      0.0007
  30.0-  37.5   2234.68    2600.0   353.54 ( 30.53   0.84 322.17)     -11.7814     -0.4531
  37.5-  45.0   2219.59    2600.0   362.64 ( 40.25   5.40 316.98)     -17.7796     -0.6838
  45.0-  52.5   2178.35    2600.0   415.06 ( 32.34  39.15 343.56)      -6.5902     -0.2535
  52.5-  60.0   2205.11    2600.0   396.34 ( 60.81  33.15 302.38)       1.4498      0.0558
  60.0-  67.5   2165.08    2600.0   438.35 ( 57.34  44.13 336.88)       3.4337      0.1321
  67.5-  75.0   2230.28    2600.0   365.22 ( 44.97  36.71 283.53)      -4.5059     -0.1733
  75.0-  82.5   2149.87    2600.0   441.77 ( 49.49  55.46 336.82)      -8.3597     -0.3215
  82.5-  90.0   2198.75    2600.0   406.36 ( 66.25  59.75 280.36)       5.1034      0.1963
  90.0-  97.5   2189.02    2600.0   407.67 ( 69.83  52.61 285.23)      -3.3098     -0.1273
  97.5- 105.0   2160.13    2600.0   433.82 ( 91.53  58.80 283.49)      -6.0463     -0.2326
 105.0- 112.5   2093.17    2600.0   499.86 ( 76.46  65.92 357.47)      -6.9660     -0.2679
 112.5- 120.0   2133.63    2600.0   469.06 ( 95.87  76.25 296.94)       2.6861      0.1033
 120.0- 127.5   2044.69    2600.0   553.06 (110.39  73.40 369.26)      -2.2497     -0.0865
 127.5- 135.0   2035.59    2600.0   559.85 ( 97.25  72.57 390.02)      -4.5627     -0.1755
 135.0- 142.5   2012.52    2600.0   577.04 ( 98.96  91.68 386.40)     -10.4386     -0.4015
 142.5- 150.0   1998.49    2600.0   602.38 (104.69  97.79 399.89)       0.8614      0.0331
 150.0- 157.5   1926.75    2600.0   667.25 ( 89.38 100.43 477.44)      -5.9954     -0.2306
 157.5- 165.0   2036.26    2600.0   557.39 (100.72  93.42 363.25)      -6.3592     -0.2446
 165.0- 172.5   2005.66    2600.0   590.89 (108.44  94.48 387.98)      -3.4465     -0.1326
 172.5- 180.0   2008.56    2600.0   586.06 (118.06  92.53 375.48)      -5.3770     -0.2068
largest imbalance over any interval: 17.7796 W (0.6838% of the heater)
